/Line {moveto lineto stroke} bind def

%%%BEGIN
100 125 moveto
200 175 lineto
300 125 lineto
250 210 lineto
300 275 lineto
225 275 lineto
200 350 lineto
175 275 lineto
100 275 lineto
150 210 lineto
100 125 lineto
stroke
%%%END

FOUR:
375 450 moveto
375 388 lineto
450 388 lineto
450 350 lineto
475 350 lineto
475 450 lineto
450 450 lineto
450 412 lineto
400 412 lineto
400 450 lineto
375 450 lineto
stroke

CORNER STAR:
400 425 moveto
500 475 lineto
600 425 lineto
550 510 lineto
600 575 lineto
525 575 lineto
500 650 lineto
475 575 lineto
400 575 lineto
450 510 lineto
400 425 lineto
stroke

STAR:
100 125 moveto
200 175 lineto
300 125 lineto
250 210 lineto
300 275 lineto
225 275 lineto
200 350 lineto
175 275 lineto
100 275 lineto
150 210 lineto
100 125 lineto
stroke


LINE CLIPPING TEST:
CORNERS:
-50 100 100 -50 Line
-50 400 100 550 Line
400 550 550 400 Line 
400 -50 550 100 Line
LEFT:
-50 600 50 250 Line
-50 400 50 250 Line
-50 350 50 250 Line
-50 300 50 250 Line
-50 250 50 250 Line
-50 200 50 250 Line
-50 150 50 250 Line
-50 100 50 250 Line
-50 -100 50 250 Line

BOTTOM
600 -50 250 50 Line
400 -50 250 50 Line
350 -50 250 50 Line
300 -50 250 50 Line
250 -50 250 50 Line
200 -50 250 50 Line
150 -50 250 50 Line
100 -50 250 50 Line
-100 -50 250 50 Line

TOP:
600 550 250 450 Line
400 550 250 450 Line
350 550 250 450 Line
300 550 250 450 Line
250 550 250 450 Line
200 550 250 450 Line
150 550 250 450 Line
100 550 250 450 Line
-100 550 250 450 Line

RIGHT:
550 600 450 250 Line
550 400 450 250 Line
550 350 450 250 Line
550 300 450 250 Line
550 250 450 250 Line
550 200 450 250 Line
550 150 450 250 Line
550 100 450 250 Line
550 -100 450 250 Line