/Line {moveto lineto stroke} bind def

%%%BEGIN

 75 450 moveto
 25 350 lineto
 25 150 lineto
 75  50 lineto
125  50 lineto
175 150 lineto
175 200 lineto
125 200 lineto
125 150 lineto
 75 150 lineto
 75 350 lineto
125 350 lineto
125 300 lineto
175 300 lineto
175 350 lineto
125 450 lineto
 75 450 lineto
stroke
 
250 450 moveto
200 350 lineto
200 300 lineto
250 300 lineto
250 350 lineto
300 350 lineto
300 300 lineto
350 300 lineto
350 350 lineto
300 450 lineto
250 450 lineto
stroke

200 300 moveto
300 200 lineto
350 200 lineto
250 300 lineto
200 300 lineto
stroke

300 200 moveto
300 150 lineto
250 150 lineto
250 200 lineto
200 200 lineto
200 150 lineto
250  50 lineto
300  50 lineto
350 150 lineto
350 200 lineto
300 200 lineto
stroke

375 450 moveto
375 388 lineto
450 388 lineto
450 350 lineto
475 350 lineto
475 450 lineto
450 450 lineto
450 412 lineto
400 412 lineto
400 450 lineto
375 450 lineto
stroke

375 300 moveto
375 275 lineto
450 275 lineto
450 262 lineto
400 262 lineto
400 238 lineto
450 238 lineto
450 225 lineto
375 225 lineto
375 200 lineto
475 200 lineto
475 300 lineto
375 300 lineto
stroke

450 150 moveto
400 150 lineto
375 125 lineto
375  75 lineto
400  50 lineto
400 125 lineto
450 125 lineto
450 150 lineto
stroke

450 150 moveto
450  75 lineto
400  75 lineto
400  50 lineto
450  50 lineto
475  75 lineto
475 125 lineto
450 150 lineto
stroke
%%%END

FOUR:
375 450 moveto
375 388 lineto
450 388 lineto
450 350 lineto
475 350 lineto
475 450 lineto
450 450 lineto
450 412 lineto
400 412 lineto
400 450 lineto
375 450 lineto
stroke

CORNER STAR:
400 425 moveto
500 475 lineto
600 425 lineto
550 510 lineto
600 575 lineto
525 575 lineto
500 650 lineto
475 575 lineto
400 575 lineto
450 510 lineto
400 425 lineto
stroke

STAR:
100 125 moveto
200 175 lineto
300 125 lineto
250 210 lineto
300 275 lineto
225 275 lineto
200 350 lineto
175 275 lineto
100 275 lineto
150 210 lineto
100 125 lineto
stroke


LINE CLIPPING TEST:
CORNERS:
-50 100 100 -50 Line
-50 400 100 550 Line
400 550 550 400 Line 
400 -50 550 100 Line
LEFT:
-50 600 50 250 Line
-50 400 50 250 Line
-50 350 50 250 Line
-50 300 50 250 Line
-50 250 50 250 Line
-50 200 50 250 Line
-50 150 50 250 Line
-50 100 50 250 Line
-50 -100 50 250 Line

BOTTOM
600 -50 250 50 Line
400 -50 250 50 Line
350 -50 250 50 Line
300 -50 250 50 Line
250 -50 250 50 Line
200 -50 250 50 Line
150 -50 250 50 Line
100 -50 250 50 Line
-100 -50 250 50 Line

TOP:
600 550 250 450 Line
400 550 250 450 Line
350 550 250 450 Line
300 550 250 450 Line
250 550 250 450 Line
200 550 250 450 Line
150 550 250 450 Line
100 550 250 450 Line
-100 550 250 450 Line

RIGHT:
550 600 450 250 Line
550 400 450 250 Line
550 350 450 250 Line
550 300 450 250 Line
550 250 450 250 Line
550 200 450 250 Line
550 150 450 250 Line
550 100 450 250 Line
550 -100 450 250 Line